-18182 -18182

-18182 0

-18182 0

-18182 0

-18182 0

-18182 0

-18182 0

-18182 0

-18182 0

-18182 0

-18182 0

-18182 0

-18182 0

-18182 0

-18182 0

-18182 0

-18182 0

-18182 0

-18182 0

-18182 0

-18182 0

-18182 0

-18182 0

18182 -29172

-18182 29172

-18182 0

18182 -29172

18182 0

-18182 29172

-18182 0

18182 -29172

18182 0

-18182 29172

-18182 0

18182 -29172

18182 0

-18182 29172

-18182 0

18182 -29172

18182 0

-18182 29172

-18182 0

18182 -29172

18182 0

-18182 29172

-18182 0

18182 -29172

18182 0

-18182 29172

-18182 0

-18182 0

-18182 0

-30970 -12788

-18182 12788

-18182 0

-30970 -12788

-30970 0

-18182 12788

-18182 0

-30970 -12788

-30970 0

-18182 12788

-18182 0

-30970 -12788

-30970 0

-18182 12788

-18182 0

-30970 -12788

-30970 0

-18182 12788

-18182 0

-30970 -12788

-30970 0

-18182 12788

-18182 0

-30970 -12788

-30970 0

-18182 12788

-18182 0

-18182 0

-18182 0

-18182 0

-18182 0

18182 -29172

18182 0

-18182 29172

-18182 0

18182 -29172

18182 0

-18182 29172

-18182 0

18182 -29172

18182 0

-18182 29172

-18182 0

18182 -29172

18182 0

-18182 29172

-18182 0

18182 -29172

18182 0

-18182 29172

1798 19980

18182 16384

24894 6712

18182 -6712

7874 -10308

13072 5198

19784 6712

26852 7068

18182 -8670

15578 -2604

18482 2904

22300 3818

19784 -2516

18482 -1302

19784 1302

21648 1864

20348 -1300

19784 -564

20998 1214

22290 1292

22290 0

21976 -314

22940 964

23592 652

24406 814

24080 -326

24406 326

25234 828

26210 976

26536 326

26374 -162

27340 966

29692 2352

-32760 3084

-29774 2986

-27706 2068

-27584 122

-28886 -1302

-29050 -164

-27952 1098

-26700 1252

-25480 1220

-24582 898

-24242 340

-23834 408

-22798 1036

-21648 1150

-21732 -84

-23916 -2184

-24548 -632

-23084 1464

-21302 1782

-20672 630

-20998 -326

-20430 568

-18806 1624

-16824 1982

-15528 1296

-16392 -864

-20550 -4158

-21568 -1018

-19010 2558

-15304 3706

-12136 3168

-13350 -1214

-19542 -6192

-19296 246

-19540 -244

-22452 -2912

-20876 1576

-16016 4860

-9786 6230

-1854 7932

32328 -31354

-24582 8626

-17566 7016

-11078 6488

-7168 3910

-26740 -19572

-22300 4440

-17810 4490

-15924 1886

-16968 -1044

-15486 1482

-11750 3736

-9378 2372

-20672 -11294

-20612 60

-16540 4072

-14528 2012

-20510 -5982

-20836 -326

-16692 4144

-12166 4526

-9256 2910

-11770 -2514

-14876 -3106

-13858 1018

-13390 468

-14612 -1222

-14448 164

-13718 730

-16392 -2674

-18724 -2332

-16906 1818

-14856 2050

-17750 -2894

-21812 -4062

-19662 2150

-15902 3760

-12380 3522

-10418 1962

-11282 -864

-12992 -1710

-12666 326

-13308 -642

-26210 -12902

-26852 -642

-22748 4104

-17392 5356

-11364 6028

-4502 6862

5448 9950

28234 22786

-25886 11416

-18584 7302

-12034 6550

-5612 6422

1122 6734

23592 22470

-22778 19166

-17748 5030

-19134 -1386

-25560 -6426

-22574 2986

-17506 5068

-12308 5198

-7776 4532

-4898 2878

-4776 122

-15740 -10964

-27218 -11478

-23998 3220

-19336 4662

-14612 4724

-11038 3574

-14448 -3410

-22696 -8248

-20388 2308

-16146 4242

-10916 5230

-4208 6708

10154 14362

31770 21616

-25398 8368

-18684 6714

-12746 5938

-8974 3772

-21486 -12512

-22300 -814

-18786 3514

-16372 2414

-15842 530

-14936 906

-12624 2312

-10214 2410

-9502 712

-12584 -3082

-18156 -5572

-20510 -2354

-18664 1846

-14876 3788

-10710 4166

-10236 474

-23430 -13194

-22056 1374

-19818 2238

-19622 196

-18950 672

-16250 2700

-15578 672

-24160 -8582

-22260 1900

-16280 5980

-8994 7286

52 9046

19174 19122

-27400 18962

-17914 9486

-9584 8330

-440 9144

-32044 -31604

-22260 9784

-14550 7710

-7006 7544

1570 8576

19776 18206

-28438 17322

-20836 7602

-14508 6328

-7940 6568

1570 9510

25682 24112

-28682 11172

-21404 7278

-14844 6560

-8810 6034

-3882 4928

-6964 -3082

-18644 -11680

-17832 812

-18442 -610

-17382 1060

-13146 4236

-6842 6304

1610 8452

15060 13450

31158 16098

-24386 9992

-17546 6840

-15426 2120

-21486 -6060

-19010 2476

-13226 5784

-6884 6342

-3636 3248

-22900 -19264

-16498 6402

-9664 6834

-5428 4236

-26170 -20742

-19520 6650

-12706 6814

-7086 5620

-17504 -10418

-18482 -978

-11404 7078

726 12130

24000 23274

-31972 9564

-25480 6492

-19938 5542

-14448 5490

-8322 6126

-816 7506

11282 12098

-32450 21804

-20998 11452

-12624 8374

28316 -24596

-29856 7364

-22412 7444

-15130 7282

-8302 6828

-4938 3364

-20022 -15084

-14916 5106

-7798 7118

796 8594

-32288 32452

-22616 9672

-16662 5954

-15264 1398

-19376 -4112

-16310 3066

-9806 6504

-564 9242

24000 24564

-26934 14602

-18034 8900

-9176 8858

1650 10826

18890 17240

-31544 15102

-22016 9528

-14590 7426

-10478 4112

-22818 -12340

-19622 3196

-13086 6536

-5856 7230

4370 10226

-29130 32036

-20896 8234

-14044 6852

-7532 6512

-878 6654

9014 9892

-29776 26746

-22616 7160

-18890 3726

-19776 -886

-21934 -2158

-19460 2474

-15902 3558

-15100 802

-18970 -3870

-16824 2146

-11282 5542

-4898 6384

1040 5938

1772 732

-480 -2252

9338 9818

22532 13194

-31362 11642

-21058 10304

-10670 10388

3638 14308

25318 21680

-27768 12450

-18644 9124

-10590 8054

-4452 6138

-24162 -19710

-18280 5882

-11770 6510

-8688 3082

-24080 -15392

-19256 4824

-12748 6508

-6068 6680

1610 7678

-27666 -29276

-20796 6870

-14124 6672

-6638 7486

3880 10518

19174 15294

31056 11882

-26028 8452

-18684 7344

-11588 7096

-3718 7870

10956 14674

-31566 23014

-22616 8950

-14978 7638

-6944 8034

3392 10336

22614 19222

-27912 15010

-18542 9370

-10296 8246

-2138 8158

6394 8532

-20672 -27066

-8282 12390

5102 13384

19622 14520

30914 11292

-25560 9062

-17424 8136

-9826 7598

-2750 7076

-28114 -25364

-21200 6914

-14448 6752

-7534 6914

1772 9306

-32614 31150

-24548 8066

-17790 6758

-11006 6784

-3780 7226

4288 8068

14084 9796

26170 12086

-27626 11740

-18280 9346

-10356 7924

-2770 7586

5754 8524

-27504 32278

-16782 10722

-9338 7444

-3554 5784

-8362 -4808

-10896 -2534

-4340 6556

3596 7936

11982 8386

20530 8548

29008 8478

-28724 7804

-23268 5456

-21892 1376

-17688 4204

-9990 7698

-1478 8512

6882 8360

14828 7946

22502 7674

30020 7518

-27992 7524

-20422 7570

-12716 7706

-4492 8224

16866 21358

-28194 20476

-24910 3284

-28114 -3204

-24950 3164

-18330 6620

-10356 7974

-1060 9296

10732 11792

25458 14726

-27626 12452

-18310 9316

-10690 7620

-4268 6422

806 5074

-10468 -11274

-18320 -7852

-12788 5532

-5814 6974

2424 8238

11942 9518

23114 11172

-29408 13014

-15426 13982

-1284 14142

13024 14308

27686 14662

-22920 14930

-6944 15976

9420 16364

23896 14476

-28744 12896

-14124 14620

9664 23788

25112 15448

-29998 10426

-21240 8758

-16864 4376

-26934 -10070

-20346 6588

-10468 9878

2546 13014

20204 17658

-30620 14712

-19366 11254

-9044 10322

1916 10960

-28154 -30070

-14866 13288

-3870 10996

7818 11688

20662 12844

-31616 13258

-18970 12646

-6558 12412

9460 16018

-31240 24836

-17302 13938

-6324 10978

4290 10614

15406 11116

27666 12260

-24080 13790

3400 27480

-30914 31222

-19376 11538

-8442 10934

2260 10702

12748 10488

23012 10264

-32582 9942

-22910 9672

-13310 9600

-3076 10234

11770 14846

-31484 22282

-20022 11462

-12420 7602

29530 -23586

-29130 6876

-22290 6840

-15904 6386

-9460 6444

-2382 7078

7086 9468

20306 13220

32204 11898

-24140 9192

-15924 8216

-7818 8106

684 8502

9970 9286

20490 10520

31790 11300

-22982 10764

-13432 9550

-4940 8492

2424 7364

8524 6100

13634 5110

19256 5622

26210 6954

-31606 7720

-23856 7750

-16540 7316

-10396 6144

-5428 4968

-156 5272

7208 7364

16392 9184

26088 9696

-30060 9388

-21282 8778

-13228 8054

-6476 6752

-3392 3084

-4694 -1302

318 5012

8932 8614

18402 9470

27462 9060

-29856 8218

-22290 7566

-15578 6712

-9990 5588

-6884 3106

-6720 164

-3556 3164

3074 6630

11362 8288

20388 9026

29570 9182

-27626 8340

-20796 6830

-16392 4404

-12420 3972

-5906 6514

2872 8778

12950 10078

23226 10276

-32694 9616

-24080 8614

-16988 7092

-11932 5056

-8770 3162

-4614 4156

2016 6630

10194 8178

19858 9664

31158 11300

-22942 11436

27504 -15090

-29294 8738

-19458 9836

-9910 9548

-604 9306

8810 9414

18158 9348

27504 9346

-28744 9288

-19542 9202

-10468 9074

-1530 8938

7208 8738

15658 8450

23632 7974

30996 7364

-27830 6710

-21812 6018

-16458 5354

-11486 4972

-6882 4604

-2098 4784

3312 5410

10154 6842

18240 8086

26538 8298

-31158 7840

-24242 6916

-17668 6574

-11202 6466

-3636 7566

5224 8860

15060 9836

25236 10176

-30182 10118

-19858 10324

-5906 13952

27992 -31638

-27910 9634

-18604 9306

-9460 9144

154 9614

10316 10162

20102 9786

28560 8458

-29610 7366

-22098 7512

-14286 7812

-5986 8300

2586 8572

11568 8982

20510 8942

28806 8296

-30670 6060

-27178 3492

-23266 3912

-18238 5028

-14286 3952

-12258 2028

-8022 4236

-1120 6902

7736 8856

17628 9892

28234 10606

-26934 10368

-17150 9784

-8184 8966

8 8192

6232 6224

9990 3758

13146 3156

18808 5662

24242 5434

24910 668

26852 1942

-30996 7688

-20184 10812

-6230 13954

10478 16708

23592 13114

-31076 10868

-20998 10078

-11118 9880

-796 10322

10152 10948

21650 11498

32286 10636

-25884 7366

-31320 -5436

-29368 1952

-23104 6264

-16230 6874

-8526 7704

8 8534

10316 10308

22138 11822

-31972 11426

-21812 10160

-12830 8982

-4452 8378

2586 7038

7860 5274

9828 1968

13072 3244

18644 5572

26374 7730

-31158 8004

-23104 8054

-14936 8168

-6558 8378

1448 8006

9828 8380

18156 8328

25722 7566

32286 6564

-32598 652

31962 -976

-27178 6396

-19134 8044

-8526 10608

3636 12162

17190 13554

28154 10964

-28154 9228

-21976 6178

-17832 4144

-14286 3546

-9176 5110

-806 8370

13072 13878

28154 15082

-26862 10520

-17504 9358

-7874 9630

2422 10296

14286 11864

30670 16384

-20998 13868

-9826 11172

2098 11924

-28154 -30252

-14938 13216

-3636 11302

7534 11170

21648 14114

-27502 16386

-12420 15082

1446 13866

13798 12352

26862 13064

-25722 12952

-12910 12812

-154 12756

12984 13138

26852 13868

-23592 15092

-10478 13114

2098 12576

12984 10886

24242 11258

-29456 11838

-5916 23540

7860 13776

16230 8370

24242 8012

30670 6428

-26212 8654

-16880 9332

-2098 14782

9176 11274

19134 9958

27504 8370

-32272 5760

-28154 4118

-29456 -1302

7874 -28206

18482 10608

27504 9022

-30670 7362

-21648 9022

-11120 10528

-1122 9998

8526 9648

17504 8978

25560 8056

-32612 7364

-24570 8042

-16554 8016

-8198 8356

796 8994

10792 9996

20998 10206

32614 11616

-19784 13138

-796 18988

13636 14432

26212 12576

-28154 11170

-18482 9672

-7874 10608

796 8670

10468 9672

19134 8666

29456 10322

-26862 9218

-12984 13878

5916 18900

7874 1958

14286 6412

18482 4196

24894 6412

26852 1958

-30970 7714

-29456 1514

-10468 18988

-796 9672

7208 8004

16230 9022

25560 9330

-29456 10520

-17190 12266

-4614 12576

7860 12474

19134 11274

28806 9672

-28154 8576

7874 -29508

20998 13124

-32272 12266

-18182 14090

3400 21582

18482 15082

29456 10974

-25560 10520

-7874 17686

9176 17050

23592 14416

-31962 9982

-18482 13480

-2098 16384

14286 16384

29368 15082

-18182 17986

2098 20280

16880 14782

29368 12488

-22942 13226

-9828 13114

2748 12576

15588 12840

28154 12566

-19784 17598

496 20280

13072 12576

22300 9228

31972 9672

-24908 8656

-17832 7076

-9176 8656

-2098 7078

5906 8004

12984 7078

19784 6800

26862 7078

-31972 6702

-28154 3818

-19696 8458

-12984 6712

-5906 7078

2098 8004

14286 12188

19696 5410

-18182 27658

5916 24098

14286 8370

20998 6712

29368 8370

-23592 12576

-5906 17686

7874 13780

16880 9006

24894 8014

26852 1958

24894 -1958

-30970 9672

-18182 12788

-806 17376

14286 15092

22300 8014

30670 8370

-25560 9306

-12984 12576

18182 31166

31962 13780

-18182 15392

-806 17376

11770 12576

22300 10530

-32272 10964

-29456 2816

24894 -11186

-32272 8370

-19696 12576

-7874 11822

3312 11186

15588 12276

24894 9306

30670 5776

-28154 6712

-19696 8458

-10468 9228

496 10964

11770 11274

20998 9228

31962 10964

-7874 25700

10468 18342

22300 11832

29456 7156

-26862 9218

-18182 8680

18182 -29172

31962 13780

-24258 9316

-18182 6076

1798 19980

18182 16384

-29456 17898

-7874 21582

-806 7068

10468 11274

16880 6412

24894 8014

-32272 8370

-29368 2904

-30970 -1602

-30970 0

-18182 12788

-5906 12276

5916 11822

14286 8370

24894 10608

-31972 8670

-7874 24098

13072 20946

19696 6624

-30970 14870

1798 -32768

14286 12488

23592 9306

-32272 9672

-22290 9982

-18182 4108

24894 -22460

-31972 8670

-19696 12276

-12984 6712

1798 14782

18182 16384

18182 0

18182 0

24894 6712

-18182 22460

7874 26056

13072 5198

24894 11822

-32272 8370

-29456 2816

7874 -28206

19696 11822

26852 7156

-29368 9316

-18182 11186

1798 19980

7874 6076

15578 7704

24894 9316

31962 7068

-18182 15392

5916 24098

14286 8370

24894 10608

31962 7068

-30970 2604

-30970 0

-30970 0

-18182 12788

5916 24098

14286 8370

24894 10608

-31972 8670

-18182 13790

-806 17376

14286 15092

22300 8014

31962 9662

-30970 2604

-18182 12788

-18182 0

1798 19980

13072 11274

19696 6624

24894 5198

-18182 22460

15578 -31776

19696 4118

26852 7156

-30970 7714

-30970 0

-30970 0

-30970 0

24894 -9672

24894 0

31962 7068

-18182 15392

18182 -29172

19696 1514

31962 12266

-18182 15392

-3312 14870

7874 11186

19784 11910

26852 7068

24894 -1958

19696 -5198

26852 7156

-22290 16394

-7874 14416

13072 20946

24894 11822

-29456 11186

-7874 21582

5916 13790

16880 10964

26852 9972

24894 -1958

24894 0

26852 1958

-22290 16394

-7874 14416

7208 15082

16880 9672

24894 8014

31962 7068

-18182 15392

24894 -22460

24894 0

24894 0

24894 0

24894 0

-30970 9672

-18182 12788

7874 26056

19696 11822

24894 5198

-18182 22460

7874 26056

15578 7704

24894 9316

24894 0

-30970 9672

-30970 0

-30970 0

-18182 12788

18182 -29172

-18182 29172

-18182 0

18182 -29172

19696 1514

29456 9760

-29456 6624

-7874 21582

13072 20946

19696 6624

31962 12266

-18182 15392

7874 26056

15578 7704

24894 9316

24894 0

18182 -6712

26852 8670

31962 5110

-29456 4118

-18182 11274

-18182 0

-18182 0

1798 19980

13072 11274

19696 6624

26852 7156

-30970 7714

-30970 0

-18182 12788

-18182 0

7874 26056

15578 7704

19696 4118

26852 7156

-30970 7714

24894 -9672

26852 1958

-29368 9316

-18182 11186

1798 19980

18182 16384

18182 0

18182 0

24894 6712

26852 1958

31962 5110

-30970 2604

-18182 12788

-18182 0

-18182 0

7874 26056

15578 7704

24894 9316

31962 7068

-29456 4118

1798 31254

18182 16384

-18182 29172

1798 19980

13072 11274

22300 9228

-32272 10964

-18182 14090

-806 17376

16880 17686

-32272 16384

-18182 14090

496 18678

16880 16384

31320 14440

-19134 15082

-3312 15822

11770 15082

27504 15734

-22942 15090

-7208 15734

8184 15392

24894 16710

-23918 16724

-8022 15896

7046 15068

22616 15570

-25560 17360

-8524 17036

7208 15732

21364 14156

-31198 12974

-19520 11678

-8932 10588

644 9576

9116 8472

15700 6584

18950 3250

21190 2240

26516 5326

-31746 7274

-23672 8074

-15212 8460

-6578 8634

2098 8676

10570 8472

18564 7994

25844 7280

32572 6728

-26232 6732

-19112 7120

-11568 7544

-3652 7916

4600 8252

13206 8606

22178 8972

31414 9236

-24766 9356

-15508 9258

-6414 9094

2526 8940

11770 9244

-15904 -27674

-6414 9490

1530 7944

9176 7646

16352 7176

22940 6588

2748 -20192

6842 4094

14134 7292

21914 7780

30018 8104

-27218 8300

-18844 8374

-10614 8230

-2770 7844

4330 7100

10722 6392

16978 6256

23814 6836

31392 7578

-26118 8026

-18086 8032

-10670 7416

-4604 6066

-166 4438

3974 4140

9064 5090

14632 5568

20052 5420

25052 5000

29926 4874

-30416 5194

-24908 5508

-19736 5172

-16498 3238

-15344 1154

-11242 4102

-3524 7718

6964 10488

19746 12782

32480 12734

-22370 10686

-13972 8398

-9206 4766

-8536 670

-4288 4248

3086 7374

11552 8466

20384 8832

29234 8850

-27874 8428

-21150 6724

-21038 112

-20540 498

-13310 7230

-4044 9266

6354 10398

18136 11782

-32204 15196

-10316 21888

6800 17116

19682 12882

31138 11456

-23724 10674

-13482 10242

-3404 10078

6986 10390

19622 12636

-25886 20028

-11850 14036

-4776 7074

-1324 3452

2770 4094

9582 6812

18156 8574

28002 9846

-26394 11140

-14104 12290

-1590 12514

10174 11764

21094 10920

31470 10376

-23952 10114

-13788 10164

-2922 10866

14652 17574

-23754 27130

-11962 11792

-1630 10332

8444 10074

18552 10108

28794 10242

-26354 10388

-15740 10614

-4816 10924

7370 12186

-28968 29198

-11648 17320

-796 10852

9368 10164

19438 10070

29506 10068

-25874 10156

-15632 10242

-5326 10306

5082 10408

15740 10658

27666 11926

-15264 22606

5590 20854

17108 11518

27666 10558

-26618 11252

-12380 14238

4288 16668

16824 12536

26516 9692

-30284 8736

-21648 8636

-12524 9124

-2842 9682

7138 9980

16854 9716

26180 9326

-30434 8922

-21852 8582

-13676 8176

-6118 7558

308 6426

5306 4998

10772 5466

19132 8360

30060 10928

-23834 11642

-12840 10994

-2636 10204

7046 9682

16392 9346

25276 8884

-32532 7728

-30508 2024

-30508 0

-23226 7282

-15304 7922

-8382 6922

-2058 6324

4776 6834

12534 7758

21150 8616

30630 9480

-24518 10388

-13278 11240

-1814 11464

9054 10868

18808 9754

26974 8166

30548 3574

26822 -3726

31728 4906

-25338 8470

-15406 9932

-4044 11362

8022 12066

19458 11436

29376 9918

-27482 8678

-19980 7502

-14084 5896

-10398 3686

-9826 572

-10548 -722

-8688 1860

-4206 4482

2098 6304

9378 7280

17504 8126

26516 9012

-29048 9972

-17546 11502

-5468 12078

5022 10490

12258 7236

15822 3564

19736 3914

26374 6638

-30752 8410

-20754 9998

-8768 11986

4816 13584

17954 13138

29570 11616

-25072 10894

-14408 10664

-3636 10772

7208 10844

17586 10378

27748 10162

-27504 10284

796 28300

18970 18174

28154 9184

-28642 8740

-19858 8784

-10956 8902

-1446 9510

9664 11110

21650 11986

30670 9020

-30020 4846

-23918 6102

-15264 8654

-3474 11790

10468 13942

23592 13124

-31484 10460

-22452 9032

-14286 8166

-18182 -3896

-32612 -14430

-27830 4782

-24568 3262

-21242 3326

-16702 4540

-11282 5420

-6230 5052

-2018 4212

2018 4036

7776 5758

15264 7488

24486 9222

-30832 10218

-19858 10974

-9096 10762

1040 10136

10234 9194

17912 7678

24080 6168

29130 5050

-29856 6550

-21566 8290

-12176 9390

-2098 10078

7860 9958

17260 9400

25966 8706

-32450 7120

-30020 2430

31322 -4194

-30020 4194

-23834 6186

-17190 6644

-10956 6234

-4614 6342

2178 6792

10468 8290

20020 9552

30018 9998

-25560 9958

-16230 9330

-9990 6240

-18156 -8166

-14124 4032

-5592 8532

3474 9066

12984 9510

22982 9998

-32124 10430

-21566 10558

-11282 10284

-4938 6344

-6556 -1618

-1692 4864

6720 8412

15822 9102

25316 9494

-30222 9998

-19622 10600

-8184 11438

3638 11822

14448 10810

21648 7200

17190 -4458

19622 2432

26538 6916

-31564 7434

-24746 6818

-19132 5614

-14124 5008

-7874 6250

-154 7720

13072 13226

27502 14430

-26852 11182

-19696 7156

-22290 -2594

-26852 -4562

-21976 4876

-16554 5422

-10794 5760

-5754 5040

480 6234

7370 6890

14938 7568

22940 8002

30994 8054

-18182 16360

11770 29952

17180 5410

21974 4794

27340 5366

-30832 7364

-22218 8614

-12788 9430

-2750 10038

7860 10610

19296 11436

31962 12666

-19938 13636

-7370 12568

3638 11008

13310 9672

21812 8502

29048 7236

-29692 6796

-22220 7472

-13716 8504

-4452 9264

5346 9798

15264 9918

24910 9646

-31320 9306

-22290 9030

19696 -23550

28478 8782

-29132 7926

-23268 5864

-18482 4786

-10154 8328

-1122 9032

8362 9484

17830 9468

27096 9266

-29214 9226

-20266 8948

-11688 8578

-3638 8050

3076 6714

8184 5108

12094 3910

16864 4770

22940 6076

29456 6516

-29368 6712

-20998 8370

-8510 12488

14286 22796

24244 9958

32614 8370

-24584 8338

-16554 8030

-7208 9346

4614 11822

17190 12576

29132 11942

-28154 8250

-20998 7156

-13798 7200

-7370 6428

-806 6564

5754 6560

12094 6340

18320 6226

25072 6752

32206 7134

-25398 7932

-17108 8290

-8200 8908

1120 9320

11444 10324

20674 9230

29132 8458

-28806 7598

-21324 7482

-13072 8252

-1774 11298

12422 14196

29132 16710

-22942 13462

-11120 11822

482 11602

17190 16708

-28478 19868

-15588 12890

-4776 10812

5102 9878

15426 10324

26862 11436

-20998 17676

2748 23746

16864 14116

30020 13156

-23592 11924

-17180 6412

-21650 -4470

-15346 6304

-6884 8462

1814 8698

10276 8462

17546 7270

22016 4470

24488 2472

30670 6182

-25926 8940

-15902 10024

-5438 10464

5042 10480

15366 10324

25358 9992

-30902 9276

-23632 7270

-21772 1860

-19898 1874

-13032 6866

-4574 8458

4086 8660

12096 8010

16682 4586

14794 -1888

20092 5298

29080 8988

-26640 9816

-16876 9764

-7604 9272

968 8572

8752 7784

15822 7070

22696 6874

30162 7466

-26700 8674

-16662 10038

-5612 11050

5714 11326

-19132 -24846

-8668 10464

154 8822

8210 8056

15406 7196

20978 5572

23794 2816

25560 1766

29672 4112

-30222 5642

-24446 5776

-18766 5680

-12400 6366

-5152 7248

2352 7504

9440 7088

14854 5414

14938 84

14540 -398

19858 5318

27276 7418

-30050 8210

-21466 8584

-12798 8668

-4364 8434

3534 7898

10644 7110

16766 6122

21852 5086

26660 4808

32390 5730

-25844 7302

-16528 9316

-3178 13350

15902 19080

30568 14666

-23302 11666

-12070 11232

-220 11850

13522 13742

30152 16630

-19398 15986

-6170 13228

5724 11894

17302 11578

29304 12002

-23088 13144

-8474 14614

6148 14622

19622 13474

-32726 13188

-17140 15586

1742 18882

16600 14858

28320 11720

-26506 10710

-16016 10490

-5368 10648

5646 11014

16968 11322

28174 11206

-26852 10510

-17810 9042

-11548 6262

-8566 2982

-3952 4614

3320 7272

11568 8248

19798 8230

27136 7338

31280 4144

29856 -1424

32552 2696

-27054 5930

-20958 6096

-16540 4418

-15140 1400

-12564 2576

-6966 5598

-278 6688

5510 5788

7086 1576

9624 2538

16988 7364

25732 8744

-30964 8840

-22412 8552

-14074 8338

-5662 8412

3494 9156

14286 10792

26160 11874

-28214 11162

-18146 10068

-8648 9498

640 9288

9990 9350

19622 9632

30122 10500

-22392 13022

-5570 16822

8526 14096

19256 10730

28836 9580

-27326 9374

-17734 9592

-7610 10124

3228 10838

14368 11140

24950 10582

-31454 9132

-24436 7018

-20244 4192

-16782 3462

-10996 5786

-3034 7962

6966 10000

20776 13810

-26912 17848

-12298 14614

644 12942

15426 14782

32288 16862

-18970 14278

-6934 12036

4674 11608

17170 12496

31444 14274

-18950 15142

-5162 13788

8144 13306

25480 17336

-17028 23028

-2912 14116

8402 11314

19144 10742

29916 10772

-24346 11274

-11852 12494

2118 13970

15790 13672

27400 11610

-28234 9902

-19458 8776

-11362 8096

-3454 7908

5182 8636

15800 10618

28804 13004

-23592 13140

-11750 11842

-278 11472

11770 12048

25398 13628

-24486 15652

-7860 16626

8362 16222

23430 15068

-29172 12934

-17994 11178

-8164 9830

318 8482

6190 5872

8362 2172

13512 5150

23266 9754

-29694 12576

-17028 12666

-5876 11152

3902 9778

12338 8436

17668 5330

16228 -1440

19858 3630

28642 8784

-25926 10968

-13310 12616

-134 13176

12686 12820

24908 12222

-28520 12108

-16332 12188

-3964 12368

8606 12570

22696 14090

-21812 21028

-2340 19472

10712 13052

22696 11984

-30324 12516

-16188 14136

-1182 15006

12462 13644

24992 12530

-28012 12532

-14448 13564

338 14786

14652 14314

27606 12954

-25782 12148

-13900 11882

-2118 11782

9176 11294

19736 10560

29856 10120

-25560 10120

-14084 11476

-278 13806

13228 13506

24488 11260

-31118 9930

-21710 9408

-12504 9206

-3156 9348

7168 10324

22290 15122

-23672 19574

-13634 10038

-7126 6508

-1772 5354

3720 5492

9828 6108

16228 6400

22614 6386

28888 6274

-29456 7192

-20674 8782

-10956 9718

-806 10150

9664 10470

21160 11496

-30996 13380

-19052 11944

-9828 9224

-2016 7812

5590 7606

13032 7442

20346 7314

27504 7158

-30996 7036

-24080 6916

-17190 6890

-10072 7118

-3312 6760

958 4270

-644 -1602

2424 3068

9176 6752

17342 8166

26210 8868

-29936 9390

-19296 10640

-7776 11520

3638 11414

14692 11054

25600 10908

-28194 11742

-15060 13134

-72 14988

15264 15336

29448 14184

-22818 13270

-10050 12768

2240 12290

14286 12046

26212 11926

-26862 12462

-11770 15092

11120 22890

29612 18492

-21976 13948

-8810 13166

4290 13100

17180 12890

29896 12716

-22942 12698

-8184 14758

16228 24412

-30914 18394

-17342 13572

-3720 13622

14286 18006

-32286 18964

-18280 14006

-6474 11806

4614 11088

15548 10934

26536 10988

-27626 11374

-15578 12048

-3074 12504

29456 32530

-12096 23984

480 12576

12584 12104

24828 12244

-27992 12716

-14774 13218

-1814 12960

10396 12210

21324 10928

31402 10078

-25560 8574

-19696 5864

-16230 3466

-10152 6078

-1204 8948

9176 10380

21324 12148

-30508 13704

-16554 13954

-3718 12836

6966 10684

16782 9816

25886 9104

-30508 9142

-21322 9186

-11770 9552

-2180 9590

7370 9550

16392 9022

24908 8516

-32370 8258

-24242 8128

-15426 8816

-5102 10324

8198 13300

22940 14742

-29132 13464

-17110 12022

-5022 12088

7858 12880

20672 12814

-32760 12104

-21974 10786

-11850 10124

-2220 9630

7046 9266

16066 9020

24910 8844

-31962 8664

-22942 9020

-14286 8656

-5022 9264

3800 8822

12910 9110

21974 9064

30994 9020

-25560 8982

16230 -23746

26852 10622

-27992 10692

-17342 10650

-6720 10622

3312 10032

12422 9110

20348 7926

27666 7318

-30670 7200

-21650 9020

-10630 11020

2098 12728

16392 14294

31484 15092

-20184 13868

-8022 12162

3318 11340

13798 10480

24486 10688

-29294 11756

-6884 22410

12746 19630

24080 11334

-31322 10134

-21324 9998

-10468 10856

14286 24754

-26212 25038

-13636 12576

318 13954

15740 15422

29456 13716

-24584 11496

-14124 10460

-3312 10812

8184 11496

23592 15408

-23592 18352

-10792 12800

-796 9996

8198 8994

17830 9632

28154 10324

-25886 11496

-13310 12576

-1284 12026

9990 11274

20510 10520

30670 10160

-25560 9306

-19784 5776

-13636 6148

-6232 7404

3962 10194

14938 10976

28804 13866

-18806 17926

-2260 16546

9338 11598

19296 9958

29130 9834

-26862 9544

-17028 9834

-6884 10144

3400 10284

9176 5776

5916 -3260

10478 4562

17506 7028

24910 7404

31972 7062

-26862 6702

-20022 6840

-12984 7038

-6556 6428

-796 5760

2750 3546

6232 3482

11444 5212

17832 6388

26862 9030

-26852 11822

-13072 13780

-3964 9108

806 4770

7208 6402

13962 6754

22138 8176

30182 8044

-26212 9142

-15578 10634

3312 18890

21648 18336

31320 9672

-27828 6388

-23916 3912

-19134 4782

-13634 5500

-7874 5760

-9176 -1302

-15578 -6402

-8852 6726

-796 8056

7370 8166

15578 8208

24242 8664

31972 7730

-31972 1592

-29456 2516

-5916 23540

4288 10204

13072 8784

21160 8088

30182 9022

-26212 9142

-15904 10308

-154 15750

16880 17034

25884 9004

-31962 7690

-24584 7378

-17180 7404

-9014 8166

-482 8532

8362 8844

17342 8980

26210 8868

-30670 8656

-22290 8380

24894 -18352

-32272 8370

-20998 11274

-7874 13124

3400 11274

14610 11210

24894 10284

-30996 9646

-19784 11212

-3312 16472

13072 16384

24570 11498

-31646 9320

-24258 7388

-20998 3260

-19696 1302

-15578 4118

-9176 6402

-806 8370

8524 9330

19784 11260

-29368 16384

-7874 21494

10468 18342

23592 13124

-29456 12488

-17180 12276

-7874 9306

170 8044

7874 7704

15578 7704

22290 6712

26862 4572

29368 2506

-32272 3896

-22290 9982

-7874 14416

7208 15082

22300 15092

-31972 11264

-11770 20202

1448 13218

12420 10972

19696 7276

-30970 14870

3312 -31254

13072 9760

22300 9228

29368 7068

-29368 6800

14286 -21882

23592 9306

-31972 9972

-12984 18988

5906 18890

16230 10324

24910 8680

-31962 8664

-24258 7704

24894 -16384

29368 4474

-26852 9316

-17180 9672

-6558 10622

3312 9870

13636 10324

22290 8654

28154 5864

26862 -1292

28154 1292

-29456 7926

-20346 9110

-9176 11170

806 9982

10794 9988

19696 8902

29130 9434

-28806 7600

-19696 9110

-10468 9228

-796 9672

9176 9972

18482 9306

28806 10324

-25560 11170

-7874 17686

6556 14430

17180 10624

26862 9682

-29456 9218

-17832 11624

-4614 13218

9176 13790

21648 12472

32614 10966

-22290 10632

-10468 11822

-806 9662

18182 18988

-18182 29172

-806 17376

13072 13878

18182 5110

-3312 -21494

8510 11822

15588 7078

22300 6712

29368 7068

-26852 9316

-22290 4562

31962 -11284

-28154 5420

-22290 5864

-13072 9218

-2098 10974

5906 8004

14286 8380

20998 6712

26852 5854

18182 -8670

19696 1514

26862 7166

-32272 6402

-29456 2816

24894 -11186

-31972 8670

-20998 10974

-5906 15092

5906 11812

16880 10974

25560 8680

-30018 9958

-22940 7078

-19784 3156

-19784 0

-11770 8014

-806 10964

10478 11284

20346 9868

31972 11626

-20998 12566

-11120 9878

-154 10966

9176 9330

16880 7704

15578 -1302

7874 -7704

16880 9006

23592 6712

-32272 9672

-18182 14090

496 18678

10468 9972

19696 9228

29368 9672

-25560 10608

-10468 15092

5916 16384

16880 10964

24258 7378

-32272 9006

-29456 2816

1798 31254

5916 4118

14286 8370

21648 7362

29368 7720

-26862 9306

-15588 11274

-806 14782

16880 17686

26852 9972

-22290 16394

-806 21484

13072 13878

19696 6624

24894 5198

18182 -6712

19696 1514

31962 12266

-18182 15392

1798 19980

15578 13780

19696 4118

24894 5198

-30970 9672

-18182 12788

-18182 0

15578 -31776

19696 4118

26852 7156

-29456 9228

1798 31254

13072 11274

24894 11822

-29368 11274

-7874 21494

7874 15748

18482 10608

26862 8380

-32272 6402

-30970 1302

24894 -9672

-30970 9672

18182 -16384

15578 -2604

24894 9316

-32272 8370

-22290 9982

-7874 14416

7874 15748

15578 7704

24894 9316

31962 7068

-30970 2604

-18182 12788

1798 19980

7874 6076

19696 11822

24894 5198

-30970 9672

-18182 12788

-18182 0

18182 -29172

18182 0

19696 1514

26852 7156

-30970 7714

-18182 12788

18182 -29172

18182 0

-18182 29172

7874 26056

15578 7704

24894 9316

31962 7068

-30970 2604

24894 -9672

26852 1958

-29368 9316

-18182 11186

1798 19980

18182 16384

18182 0

-30970 16384

-18182 12788

-18182 0

1798 19980

13072 11274

19784 6712

26852 7068

-18182 20502

7874 26056

18482 10608

28154 9672

-28154 9228

-12984 15170

-806 12178

15578 16384

24894 9316

1798 -23096

13072 11274

19784 6712

26852 7068

-29456 9228

-18182 11274

18182 -29172

18182 0

18182 0

19696 1514

24894 5198

31962 7068

-30970 2604

-18182 12788

18182 -29172

24894 6712

24894 0

24894 0

26852 1958

-29368 9316

-18182 11186

1798 19980

18182 16384

-18182 29172

-18182 0

18182 -29172

18182 0

18182 0

7874 -10308

15578 7704

24894 9316

24894 0

18182 -6712

19696 1514

31962 12266

-29456 4118

1798 31254

15578 13780

24894 9316

-31972 8670

-18182 13790

1798 19980

18182 16384

-18182 29172

-18182 0

-18182 0

18182 -29172

-18182 29172

7874 26056

13072 5198

19696 6624

24894 5198

18182 -6712

19696 1514

24894 5198

31962 7068

-29456 4118

-18182 11274

18182 -29172

18182 0

18182 0

24894 6712

24894 0

-18182 22460

7874 26056

15578 7704

26852 11274

-30970 7714

1798 -32768

13072 11274

19696 6624

26852 7156

-30970 7714

-18182 12788

-30970 -12788

-30970 0

-18182 12788

-30970 -12788

-30970 0

-18182 12788

18182 -29172

15578 -2604

24894 9316

-18182 22460

7874 26056

15578 7704

24894 9316

-30970 9672

1798 -32768

13072 11274

19696 6624

26852 7156

-30970 7714

-18182 12788

-30970 -12788

-18182 12788

18182 -29172

24894 6712

-30970 9672

-18182 12788

7874 26056

24894 17020

31962 7068

-29456 4118

-806 28650

14286 15092

24894 10608

31962 7068

-18182 15392

15578 -31776

24894 9316

31962 7068

-29456 4118

18182 -17898

19696 1514

24894 5198

-30970 9672

18182 -16384

15578 -2604

24894 9316

24894 0

24894 0

-30970 9672

-30970 0

-18182 12788

24894 -22460

24894 0

-30970 9672

-18182 12788

18182 -29172

26852 8670

-30970 7714

-18182 12788

18182 -29172

24894 6712

24894 0

18182 -6712

18182 0

18182 0

-18182 29172

18182 -29172

19696 1514

24894 5198

31962 7068

-30970 2604

-30970 0

-30970 0

-18182 12788

18182 -29172

24894 6712

31962 7068

-29456 4118

-7874 21582

13072 20946

19696 6624

-30970 14870

1798 -32768

13072 11274

19696 6624

26852 7156

-30970 7714

18182 -16384

18182 0

18182 0

18182 0

19696 1514

26852 7156

-30970 7714

1798 -32768

15578 13780

24894 9316

-30970 9672

-18182 12788

15578 -31776

24894 9316

-30970 9672

-18182 12788

24894 -22460

-29456 11186

-806 28650

16880 17686

29368 12488

-19784 16384

-4614 15170

12420 17034

28154 15734

-19696 17686

-6232 13464

7860 14092

26536 18676

-21648 17352

-7208 14440

6230 13438

22940 16710

-23592 19004

-8608 14984

4452 13060

19858 15406

-25968 19710

-10236 15732

2952 13188

17506 14554

-28642 19388

-12504 16138

-644 11860

9828 10472

19858 10030

29754 9896

-25722 10060

-14938 10784

-1040 13898

20836 21876

-29590 15110

-18950 10640

-9826 9124

-2280 7546

1774 4054

3800 2026

9418 5618

17382 7964

26170 8788

-30386 8980

-21282 9104

-12176 9106

-2952 9224

6474 9426

16230 9756

22290 6060

8186 -14104

21324 13138

-29570 14642

-15548 14022

-1956 13592

11528 13484

25092 13564

-26954 13490

-13666 13288

-542 13124

12482 13024

25358 12876

-27642 12536

-15548 12094

-3826 11722

7666 11492

19134 11468

30872 11738

-22300 12364

-7574 14726

30182 -27780

-21078 14276

-9068 12010

2138 11206

12920 10782

23450 10530

-31624 10462

-21080 10544

-10356 10724

644 11000

11912 11268

23390 11478

-30892 11254

-22330 8562

-29408 -7078

-20998 8410

-9634 11364

1834 11468

12980 11146

23764 10784

-31332 10440

-21170 10162

-11302 9868

-1784 9518

6986 8770

13390 6404

13798 408

-26538 25200

-14938 11600

-5306 9632

4228 9534

13920 9692

24140 10220

-28520 12876

-2586 25934

11446 14032

20998 9552

29450 8452

-28154 7932

-20306 7848

-12034 8272

-3034 9000

6618 9652

16458 9840

26018 9560

-30568 8950

-22442 8126

-15496 6946

-10316 5180

-7736 2580

-10070 -2334

-13758 -3688

-9582 4176

-1946 7636

7380 9326

17994 10614

29652 11658

-23592 12292

-11038 12554

1834 12872

15720 13886

31218 15498

-18482 15836

-4024 14458

10072 14096

26008 15936

-18970 20558

74 19044

15242 15168

28662 13420

-24624 12250

-13308 11316

-2718 10590

7248 9966

16498 9250

24706 8208

31076 6370

-30020 4440

-25032 4988

-18320 6712

-10630 7690

-2748 7882

5714 8462

15548 9834

28560 13012

-21892 15084

-9338 12554

1406 10744

11588 10182

21730 10142

32064 10334

-22838 10634

-12074 10764

-1244 10830

9644 10888

20836 11192

32694 11858

-20530 12312

-8322 12208

3278 11600

14528 11250

26252 11724

-25438 13846

-8748 16690

5714 14462

17088 11374

27054 9966

-29172 9310

-20348 8824

-11972 8376

-3922 8050

4938 8860

16310 11372

29456 13146

-24040 12040

-13064 10976

-2750 10314

6966 9716

13072 6106

6230 -6842

14286 8056

26048 11762

-26740 12748

-14002 12738

-1814 12188

9786 11600

21080 11294

32410 11330

-21526 11600

-9176 12350

4898 14074

24244 19346

-17668 23624

-72 17596

14856 14928

28948 14092

-22942 13646

-9500 13442

3902 13402

17108 13206

30080 12972

-22758 12698

-10296 12462

2058 12354

14448 12390

27260 12812

-24406 13870

-8770 15636

7858 16628

22942 15084

-27340 15254

-10468 16872

12420 22888

30508 18088

-22138 12890

-11038 11100

-1122 9916

8362 9484

17830 9468

27300 9470

-28396 9840

-18320 10076

-8184 10136

796 8980

-9176 -9972

-2748 6428

8118 10866

19696 11578

31962 12266

-21120 12454

-9054 12066

2260 11314

12990 10730

23268 10278

-31892 10376

-20836 11056

-7858 12978

8186 16044

23350 15164

-29530 12656

-17830 11700

-5906 11924

7126 13032

21324 14198

-29456 14756

-11770 17686

10956 22726

27014 16058

-26454 12068

-15344 11110

-3312 12032

12746 16058

-27504 25286

-13310 14194

-1446 11864

10874 12320

24570 13696

-24908 16058

-9828 15080

3312 13140

18158 14846

-28804 18574

-12584 16220

-1610 10974

7046 8656

13146 6100

15264 2118

19784 4520

27666 7882

-27178 10692

-15100 12078

-2912 12188

8282 11194

19134 10852

29692 10558

-23754 12090

-806 22948

20346 21152

-31962 13228

-18482 13480

-2260 16222

12984 15244

26048 13064

-27504 11984

-15822 11682

-3638 12184

9500 13138

27178 17678

-17180 21178

-2422 14758

9338 11760

19784 10446

27992 8208

-32288 5256

-29368 2920

-23266 6102

-13636 9630

-482 13154

19784 20266

-26852 18900

-12584 14268

156 12740

12746 12590

24910 12164

-28642 11984

-17190 11452

-5592 11598

5264 10856

15426 10162

23918 8492

30020 6102

29456 -564

25560 -3896

31972 6412

-27014 6550

-19458 7556

-11120 8338

-3076 8044

4288 7364

10154 5866

14286 4132

18970 4684

26048 7078

-31078 8410

-21732 9346

-11688 10044

-1122 10566

9176 10298

19784 10608

29368 9584

-32272 3896

20998 -12266

31484 10486

-23430 10622

-12746 10684

-1936 10810

8022 9958

14938 6916

10478 -4460

14936 4458

24746 9810

-28804 11986

-14448 14356

3238 17686

19296 16058

-31962 14278

-18320 13642

-4694 13626

8200 12894

20918 12718

-32204 12414

-19296 12908

-4940 14356

11120 16060

28478 17358

-20998 16060

-6394 14604

6884 13278

19296 12412

31402 12106

-22370 11764

-10792 11578

796 11588

12094 11298

23104 11010

-32286 10146

-24244 8042

-24244 0

-25560 -1316

-17832 7728

-8524 9308

1446 9970

12910 11464

24570 11660

-28804 12162

-16864 11940

-5754 11110

4614 10368

14286 9672

23430 9144

32286 8856

-23916 9334

-12984 10932

-806 12178

10468 11274

20022 9554

30670 10648

-24242 10624

-9826 14416

9176 19002

24894 15718

-28806 11836

-17832 10974

-7858 9974

-154 7704

3962 4116

7208 3246

12984 5776

19696 6712

27504 7808

-31320 6712

-24908 6412

-18182 6726

-806 17376

22300 23106

-31646 11590

-20346 11300

-9664 10682

958 10622

11770 10812

21812 10042

31972 10160

-23592 9972

-13308 10284

-3962 9346

-2098 1864

-5264 -3166

3636 8900

12984 9348

22942 9958

-32598 9996

-22940 9658

-12420 10520

-3400 9020

6232 9632

14286 8054

22290 8004

30670 8380

-26852 8014

-17180 9672

-7874 9306

18182 26056

-29368 17986

-18182 11186

1798 19980

-18182 -19980

-12984 5198

3312 16296

14286 10974

24570 10284

-31972 8994

-22300 9672

-12096 10204

-154 11942

19784 19938

-27502 18250

-14936 12566

-3636 11300

6882 10518

17668 10786

29132 11464

-24894 11510

-11444 13450

2098 13542

15262 13164

27504 12242

-24582 13450

-10792 13790

2422 13214

14610 12188

25560 10950

-29368 10608

-22290 7078

31962 -11284

-26862 6712

-16880 9982

-5916 10964

5266 11182

15902 10636

26862 10960

-27828 10846

-14938 12890

-154 14784

13636 13790

24258 10622

-28806 12472

-15588 13218

3400 18988

22300 18900

-24258 18978

-7874 16384

13072 20946

-32272 20192

-15588 16684

-806 14782

11444 12250

23266 11822

-30994 11276

-17180 13814

-2750 14430

12984 15734

28806 15822

-17180 19550

-1446 15734

10468 11914

21974 11506

31972 9998

-23592 9972

-12984 10608

-2098 10886

9176 11274

19696 10520

29368 9672

-22290 13878

5916 28206

16880 10964

24258 7378

-31972 9306

-19784 12188

-3312 16472

7874 11186

18182 10308

1798 -16384

7874 6076

16880 9006

24894 8014

24894 0

19696 -5198

24894 5198

30670 5776

-26862 8004

-16880 9982

-7208 9672

1446 8654

11120 9674

19134 8014

29456 10322

-26852 9228

-15578 11274

-2748 12830

12420 15168

23592 11172

-31972 9972

-16880 15092

-3400 13480

10468 13868

19784 9316

24894 5110

15578 -9316

19784 4206

28154 8370

-28154 9228

-16880 11274

496 17376

10468 9972

22290 11822

-32272 10974

-22290 9982

-3312 18978

13072 16384

26852 13780

-29456 9228

5916 -30164

16880 10964

28154 11274

-25560 11822

-11770 13790

3312 15082

15588 12276

24894 9306

-32272 8370

-29456 2816

-18182 11274

-18182 0

-18182 0

24894 -22460

31962 7068

-22290 11284

-12984 9306

-2098 10886

7874 9972

16880 9006

24894 8014

24894 0

18182 -6712

19696 1514

26852 7156

-30970 7714

1798 -32768

7874 6076

18482 10608

24894 6412

-32272 8370

-29456 2816

18182 -17898

29456 11274

-25560 10520

-9176 16384

1448 10624

12420 10972

23592 11172

-31962 9982

-19696 12266

1798 21494

24894 23096

-29456 11186

-3312 26144

7874 11186

16880 9006

28154 11274

-31972 5410

-18182 13790

-18182 0

18182 -29172

7874 -10308

15578 7704

19696 4118

26852 7156

-30970 7714

24894 -9672

31962 7068

-18182 15392

5916 24098

16880 10964

24258 7378

-31972 9306

-19696 12276

-3312 16384

13072 16384

15578 2506

15578 0

24894 9316

-32272 8370

-23592 8680

-12984 10608

3400 16384

15578 12178

24894 9316

-18182 22460

5916 24098

14286 8370

22300 8014

29456 7156

-29368 6712

-18182 11186

-3312 14870

7208 10520

16880 9672

26862 9982

-29368 9306

-18182 11186

7874 26056

19696 11822

31962 12266

-18182 15392

1798 19980

15578 13780

24894 9316

24894 0

24894 0

-30970 9672

-18182 12788

1798 19980

13072 11274

19784 6712

26852 7068

-30970 7714

-30970 0

-30970 0

-18182 12788

1798 19980

13072 11274

19696 6624

31962 12266

-29456 4118

1798 31254

7874 6076

15578 7704

19696 4118

24894 5198

-30970 9672

-18182 12788

1798 19980

13072 11274

19696 6624

24894 5198

24894 0

24894 0

24894 0

18182 -6712

18182 0

24894 6712

31962 7068

-29456 4118

1798 31254

18182 16384

24894 6712

-18182 22460

1798 19980

18182 16384

24894 6712

-30970 9672

1798 -32768

7874 6076

15578 7704

24894 9316

18182 -6712

24894 6712

26852 1958

-30970 7714

18182 -16384

24894 6712

31962 7068

-18182 15392

-806 17376

14286 15092

24894 10608

31962 7068

-18182 15392

7874 26056

15578 7704

24894 9316

-30970 9672

18182 -16384

24894 6712

24894 0

-30970 9672

-18182 12788

-18182 0

-18182 0

18182 -29172

18182 0

24894 6712

-18182 22460

7874 26056

15578 7704

24894 9316

31962 7068

-30970 2604

-18182 12788

-30970 -12788

-18182 12788

7874 26056

15578 7704

24894 9316

31962 7068

-18182 15392

18182 -29172

24894 6712

24894 0

-18182 22460

7874 26056

18182 10308

24894 6712

24894 0

24894 0

24894 0

31962 7068

-30970 2604

-30970 0

-30970 0

-30970 0

-18182 12788

18182 -29172

18182 0

-18182 29172

-18182 0

18182 -29172

-30970 16384

-18182 12788

18182 -29172

19696 1514

31962 12266

-18182 15392

-806 17376

13072 13878

24894 11822

-30970 9672

1798 -32768

13072 11274

22300 9228

-32272 10964

-18182 14090

1798 19980

18182 16384

-30970 16384

-18182 12788

18182 -29172

18182 0

-30970 16384

-18182 12788

-18182 0

18182 -29172

18182 0

7874 -10308

15578 7704

19696 4118

26852 7156

-30970 7714

-30970 0

-18182 12788

18182 -29172

18182 0

19696 1514

24894 5198

-18182 22460

7874 26056

15578 7704

24894 9316

31962 7068

-18182 15392

7874 26056

19696 11822

26852 7156

-30970 7714

-30970 0

-30970 0

-30970 0

-30970 0

-30970 0

-30970 0

-30970 0

-30970 0

-30970 0

24894 -9672

-30970 9672

-30970 0

24894 -9672

24894 0

24894 0

24894 0

24894 0

24894 0

24894 0

24894 0

24894 0

24894 0

24894 0

24894 0

24894 0

24894 0

24894 0

24894 0

19696 -5198

24894 5198

-30970 9672

-30970 0

24894 -9672

24894 0

-30970 9672

-30970 0

24894 -9672

24894 0

-30970 9672

-30970 0

24894 -9672

24894 0

-30970 9672

-30970 0

24894 -9672

24894 0

-30970 9672

-30970 0

24894 -9672

24894 0

-30970 9672

-30970 0

-30970 0

-30970 0

-18182 12788

-18182 0

-18182 0

18182 -29172

-18182 29172

-18182 0

18182 -29172

18182 0

-18182 29172

-18182 0

18182 -29172

18182 0

-18182 29172

-18182 0

18182 -29172

18182 0

-18182 29172

-18182 0

18182 -29172

18182 0

-18182 29172

-18182 0

18182 -29172

18182 0

18182 0

18182 0

18182 0

18182 0

18182 0

18182 0

18182 0

18182 0

18182 0

18182 0

18182 0

18182 0

18182 0

18182 0

18182 0

18182 0

18182 0

18182 0

18182 0

18182 0

18182 0

18182 0

18182 0

18182 0

18182 0

18182 0

18182 0

24894 6712

-18182 22460

7874 26056

15578 7704

24894 9316

-30970 9672

1798 -32768

15578 13780

26852 11274

-30970 7714

-18182 12788

15578 -31776

19696 4118

31962 12266

-18182 15392

18182 -29172

19696 1514

31962 12266

-18182 15392

1798 19980

18182 16384

24894 6712

-30970 9672

-18182 12788

-18182 0

-18182 0

-7874 10308

1798 9672

-18182 -19980

-12984 5198

-3312 9672

7874 11186

-30970 26692

-14286 16684

-3400 10886

8510 11910

-30970 26056

-12422 18548

-2750 9672

7208 9958

19784 12576

-9828 -29612

-1772 8056

3962 5734

-3400 -7362

-806 2594

6882 7688

15508 8626

24446 8938

-31972 9118

-22614 9358

-17180 5434

30872 -17484

-24040 10624

-12544 11496

-502 12042

11496 11998

22940 11444

-31810 10786

-21446 10364

-11262 10184

-968 10294

9594 10562

20460 10866

31320 10860

-23684 10532

-13624 10060

-3922 9702

5550 9472

14916 9366

24326 9410

-31576 9634

-21562 10014

-11088 10474

-74 11014

11420 11494

23258 11838

-30314 11964

-18362 11952

-6412 11950

5652 12064

17930 12278

30376 12446

-22764 12396

-10654 12110

1120 11774

12768 11648

24686 11918

-27982 12868

-13636 14346

756 14392

13044 12288

22952 9908

30112 7160

-31544 3880

-27146 4398

-19940 7206

-11118 8822

-928 10190

16622 17550

-20796 28118

-9268 11528

1162 10430

11628 10466

22630 11002

-30630 12276

-16168 14462

-1446 14722

10270 11716

18660 8390

24314 5654

30290 5976

-26976 8270

-17120 9856

-6404 10716

4724 11128

15976 11252

27198 11222

-27198 11140

-16106 11092

-4968 11138

6374 11342

18208 11834

30914 12706

-21160 13462

-8470 12690

2358 10828

11872 9514

20900 9028

29886 8986

-26598 9052

-17572 9026

-9014 8558

-2280 6734

1324 3604

8954 7630

20684 11730

-32702 12150

-21146 11556

-9966 11180

1134 11100

12384 11250

23932 11548

-29622 11982

-17140 12482

-4110 13030

9338 13448

22874 13536

-29686 12976

-17638 12048

-6394 11244

4370 10764

15232 10862

26578 11346

-26872 12086

-14498 12374

-2290 12208

9878 12168

22616 12738

-29048 13872

-14854 14194

-1936 12918

9624 11560

21282 11658

-20836 23418

176 21012

10396 10220

19326 8930

27818 8492

-29530 8188

-21690 7840

-15264 6426

-25478 -10214

-22614 2864

-13308 9306

-2424 10884

9348 11772

21404 12056

-32288 11844

-20652 11636

-8852 11800

3514 12366

17028 13514

31626 14598

-19418 14492

-5926 13492

6638 12564

18502 11864

29816 11314

-25682 10038

-22452 3230

-24406 -1954

-14286 10120

-522 13764

14488 15010

28520 14032

-23836 13180

-9910 13926

6558 16468

23184 16626

-28846 13506

-17068 11778

-5674 11394

7208 12882

31076 23868

-16066 18394

-4898 11168

4004 8902

3800 -204

480 -3320

8852 8372

18848 9996

29470 10622

-25072 10994

-13910 11162

-2820 11090

7900 10720

18126 10226

27788 9662

-28500 9248

-19428 9072

-10050 9378

72 10122

10896 10824

21506 10610

31404 9898

-24580 9552

-14834 9746

-4258 10576

8728 12986

26912 18184

-21894 16730

-9408 12486

1728 11136

12534 10806

23394 10860

-30964 11178

-19214 11750

-6660 12554

6476 13136

19236 12760

30498 11262

-25956 9082

-19960 5996

-16352 3608

-11486 4866

-4980 6506

2038 7018

8934 6896

15508 6574

21812 6304

27788 5976

-32572 5176

-27300 5272

-19458 7842

-10152 9306

-704 9448

8658 9362

17994 9336

27380 9386

-28672 9484

-18806 9866

22942 -23788

-32410 10184

-22178 10232

-11648 10530

-684 10964

10876 11560

23164 12288

-29638 12734

-17220 12418

-5744 11476

4796 10540

14626 9830

24000 9374

-32370 9166

-23196 9174

-13802 9394

-4028 9774

6252 10280

17322 11070

31076 13754

-1284 -32360

12584 13868

23612 11028

-31464 10460

-21324 10140

-11466 9858

-1976 9490

7168 9144

16066 8898

24916 8850

-31688 8932

-22704 8984

-13814 8890

-5458 8356

1204 6662

5590 4386

12268 6678

22310 10042

-31992 11234

-20570 11422

-9256 11314

1936 11192

12968 11032

23774 10806

-31306 10456

-21628 9678

26862 -17046

-32134 6540

-22634 9500

-12950 9684

-3156 9794

6822 9978

17074 10252

27806 10732

-26252 11478

-13452 12800

1324 14776

16712 15388

29612 12900

-25702 10222

-17190 8512

-9512 7678

-1994 7518

5678 7672

13542 7864

21486 7944

29268 7782

-29182 7086

-23744 5438

-19980 3764

-15140 4840

-8468 6672

-894 7574

7114 8008

15466 8352

24294 8828

-31600 9642

-20348 11252

-6150 14198

9532 15682

22826 13294

-31090 11620

-19818 11272

-8096 11722

4746 12842

18848 14102

-31860 14828

-3034 28826

20316 23350

32348 12032

-22038 11150

-10996 11042

374 11370

12694 12320

27082 14388

-21692 16762

-6076 15616

7228 13304

19338 12110

30800 11462

-23914 10822

-14148 9766

-6584 7564

-2704 3880

1610 4314

9460 7850

19798 10338

-31968 13770

-13226 18742

2260 15486

14286 12026

25310 11024

-29314 10912

-18064 11250

-6338 11726

4412 10750

9970 5558

14398 4428

22676 8278

32522 9846

-22132 10882

-9034 13098

9542 18576

26898 17356

-26140 12498

-15294 10846

-5064 10230

4822 9886

14502 9680

24144 9642

-31498 9894

-21098 10400

-9942 11156

2228 12170

15494 13266

29216 13722

-23144 13176

-10788 12356

1042 11830

12658 11616

24202 11544

-29958 11376

-19208 10750

-10350 8858

-8240 2110

-9258 -1018

-3158 6100

4578 7736

13048 8470

23124 10076

-29642 12770

-15730 13912

-3086 12644

8698 11784

20522 11824

-32500 12514

-18990 13510

-4894 14096

8974 13868

22370 13396

-30076 13090

-17424 12652

-5688 11736

4654 10342

13022 8368

18632 5610

22968 4336

29344 6376

-27728 8464

-17782 9946

-6282 11500

7106 13388

21426 14320

-30754 13356

-18324 12430

-5204 13120

14012 19216

-29954 21570

-15964 13990

-3350 12614

9450 12800

22218 12768

-31440 11878

-20816 10624

-11268 9548

-2142 9126

7484 9626

17678 10194

27992 10314

-27254 10290

-16862 10392

-6158 10704

5122 11280

17248 12126

30284 13036

-21686 13566

-8008 13678

5920 13928

20432 14512

-30486 14618

-16796 13690

-4268 12528

7430 11698

18592 11162

29328 10736

-25890 10318

-16042 9848

-6604 9438

2792 9396

12718 9926

23286 10568

-31464 10786

-20804 10660

-10350 10454

-68 10282

10122 10190

20330 10208

-22300 22906

7618 29918

18150 10532

28956 10806

-25266 11314

-13204 12062

-280 12924

13212 13492

26716 13504

-25530 13290

-12278 13252

868 13146

12550 11682

9338 -3212

11300 1962

21272 9972

31798 10526

-23030 10708

-11966 11064

-172 11794

12910 13082

27208 14298

-24426 13902

-11960 12466

-510 11450

10734 11244

24568 13834

-7974 -32542

4876 12850

15690 10814

26172 10482

-29092 10272

-19196 9896

-10088 9108

-3036 7052

-1850 1186

-510 1340

6494 7004

15488 8994

25466 9978

-29176 10894

-17142 12034

-4006 13136

9290 13296

21706 12416

-32428 11402

-21754 10674

-11588 10166

-1796 9792

7746 9542

17182 9436

26630 9448

-29396 9510

-19808 9588

-10158 9650

-460 9698

9266 9726

19212 9946

-10528 -29740

3128 13656

12310 9182

21256 8946

30302 9046

-25834 9400

-15730 10104

-4302 11428

9206 13508

23624 14418

-29166 12746

-18110 11056

-7968 10142

1588 9556

-18888 -20476

-11350 7538

-2112 9238

7040 9152

15710 8670

22376 6666

18620 -3756

19448 828

26792 7344

-30514 8230

-22476 8038

-15890 6586

-16498 -608

-18156 -1658

-11210 6946

-1090 10120

14616 15706

-31970 18950

-19654 12316

-9628 10026

-196 9432

9196 9392

19010 9814

29682 10672

-25932 9922

-18912 7020

-12144 6768

-4680 7464

3092 7772

10830 7738

18230 7400

24898 6668

30694 5796

-28316 6526

-17780 10536

-3922 13858

8212 12134

18694 10482

28702 10008

-26656 10178

-15660 10996

-2842 12818

11676 14518

24112 12436

-32400 9024

-25266 7134

-17600 7666

-8236 9364

2552 10788

14132 11580

25942 11810

-27802 11792

-15882 11920

-3276 12606

11024 14300

27106 16082

-23452 14978

-10476 12976

1720 12196

14368 12648

28824 14456

-20744 15968

-6470 14274

5918 12388

18578 12660

-20592 26366

-1462 19130

9798 11260

20440 10642

31552 11112

-20898 13086

-2742 18156

15160 17902

28740 13580

-24356 12440

-11632 12724

1944 13576

16290 14346

30750 14460

-20540 14246

-6080 14460

9364 15444

25724 16360

-24344 15468

-10492 13852

2606 13098

16906 14300

-24210 24420

-3692 20518

9862 13554

22770 12908

-29444 13322

-15638 13806

-1740 13898

12110 13850

26202 14092

-25002 14332

-11246 13756

1352 12598

13078 11726

24888 11810

-23490 17158

2440 25930

14164 11724

22736 8572

26728 3992

25988 -740

32766 6778

-21892 10878

-9288 12604

2962 12250

13706 10744

22798 9092

29634 6836

-32374 3528

-28618 3756

-21382 7236

-11552 9830

1662 13214

23186 21524

-22552 19798

-7602 14950

5544 13146

17118 11574

27490 10372

-28418 9628

-19104 9314

-9616 9488

1016 10632

14954 13938

31050 16096

-22378 12108

-13312 9066

-9558 3754

-18776 -9218

-12670 6106

-3986 8684

5612 9598

16066 10454

27560 11494

-25384 12592

-11978 13406

2472 14450

23592 21120

-14936 27008

2818 17754

18180 15362

31162 12982

-22962 11412

-12280 10682

-1766 10514

9128 10894

21470 12342

-27788 16278

-9658 18130

4358 14016

16544 12186

28702 12158

-23580 13254

-8464 15116

7320 15784

21796 14476

-30388 13352

-17484 12904

-4790 12694

